# Created by Octave 4.2.0, Tue Apr 11 16:19:28 2017 CEST <moghimim@d-01513>
# name: BpodSystemSettings
# type: scalar struct
# ndims: 2
 1 1
# length: 3
# name: SoundDeviceID
# type: scalar
0


# name: LastCOMPort
# type: sq_string
# elements: 1
# length: 12
/dev/ttyACM0


# name: BonsaiAutoConnect
# type: scalar
0




